402 0.0 0.0 55.0 1.0
411 0.0 0.0 55.0 1.0
415 0.0 0.0 55.0 1.0
420 0.0 0.0 55.0 1.0
422 0.0 0.0 55.0 1.0
429 0.0 0.0 55.0 1.0
439 0.0 0.0 55.0 1.0
451 0.0 0.0 55.0 1.0
463 0.0 0.0 55.0 1.0
468 0.0 0.0 55.0 1.0
477 0.0 0.0 55.0 1.0
480 0.0 0.0 55.0 1.0
481 0.0 0.0 55.0 1.0
489 0.0 0.0 55.0 1.0
495 0.0 0.0 55.0 1.0
496 0.0 0.0 55.0 1.0
506 0.0 0.0 55.0 1.0
521 0.0 0.0 55.0 1.0
522 0.0 0.0 55.0 1.0
525 0.0 0.0 55.0 1.0
536 0.0 0.0 55.0 1.0
535 0.0 0.0 55.0 1.0
534 0.0 0.0 55.0 1.0
533 0.0 0.0 55.0 1.0
541 0.0 0.0 55.0 1.0
559 0.0 0.0 55.0 1.0
560 0.0 0.0 55.0 1.0
562 0.0 0.0 55.0 1.0
565 0.0 0.0 55.0 1.0
567 0.0 0.0 55.0 1.0
579 0.0 0.0 55.0 1.0
581 0.0 0.0 55.0 1.0
587 0.0 0.0 55.0 1.0
589 0.0 0.0 55.0 1.0
603 0.0 0.0 55.0 1.0